Time,RR interval,HRV,Heart Rate
0.835,0.835,835.0,71.8562874251497
1.594,0.759,759.0,79.05138339920948
2.424,0.83,830.0,72.28915662650603
3.277,0.853,853.0,70.33997655334116
4.075,0.798,798.0,75.18796992481202
4.926,0.851,851.0,70.50528789659224
5.706,0.78,780.0,76.92307692307692
6.463,0.757,757.0,79.26023778071334
7.26,0.797,797.0,75.28230865746549
8.097,0.837,837.0,71.68458781362008
8.908,0.811,811.0,73.98273736128236
9.649,0.741,741.0,80.97165991902834
10.399,0.75,750.0,80.0
11.256,0.857,857.0,70.01166861143524
12.085,0.829,829.0,72.37635705669481
12.871,0.786,786.0,76.33587786259542
13.731,0.86,860.0,69.76744186046513
14.612,0.881,881.0,68.1044267877412
15.453,0.841,841.0,71.3436385255648
16.321,0.868,868.0,69.12442396313365
17.194,0.873,873.0,68.72852233676976
18.013,0.819,819.0,73.26007326007327
18.878,0.865,865.0,69.36416184971098
19.732,0.854,854.0,70.2576112412178
20.572,0.84,840.0,71.42857142857143
21.48,0.908,908.0,66.07929515418502
22.418,0.938,938.0,63.96588486140725
23.284,0.866,866.0,69.28406466512702
24.189,0.905,905.0,66.29834254143647
25.127,0.938,938.0,63.96588486140725
26.06,0.933,933.0,64.30868167202573
26.908,0.848,848.0,70.75471698113208
27.798,0.89,890.0,67.41573033707866
28.764,0.966,966.0,62.11180124223603
29.702,0.938,938.0,63.96588486140725
30.64,0.938,938.0,63.96588486140725
31.611,0.971,971.0,61.79196704428425
32.505,0.894,894.0,67.11409395973155
33.45,0.945,945.0,63.4920634920635
34.418,0.968,968.0,61.98347107438017
35.306,0.888,888.0,67.56756756756756
36.158,0.852,852.0,70.42253521126761
37.113,0.955,955.0,62.82722513089005
38.107,0.994,994.0,60.36217303822937
39.045,0.938,938.0,63.96588486140725
39.993,0.948,948.0,63.291139240506325
41.005,1.012,1012.0,59.28853754940711
41.938,0.933,933.0,64.30868167202573
42.858,0.92,920.0,65.21739130434783
43.826,0.968,968.0,61.98347107438017
44.749,0.923,923.0,65.00541711809318
45.601,0.852,852.0,70.42253521126761
46.532,0.931,931.0,64.4468313641246
47.511,0.979,979.0,61.287027579162405
48.499,0.988,988.0,60.72874493927125
49.368,0.869,869.0,69.04487917146145
50.292,0.924,924.0,64.93506493506493
51.256,0.964,964.0,62.240663900414944
52.185,0.929,929.0,64.58557588805166
53.147,0.962,962.0,62.37006237006237
54.094,0.947,947.0,63.35797254487857
54.96,0.866,866.0,69.28406466512702
55.914,0.954,954.0,62.89308176100629
56.879,0.965,965.0,62.176165803108816
57.78,0.901,901.0,66.59267480577137
58.688,0.908,908.0,66.07929515418502
59.642,0.954,954.0,62.89308176100629
60.554,0.912,912.0,65.78947368421052
61.456,0.902,902.0,66.51884700665188
62.432,0.976,976.0,61.475409836065566
63.346,0.914,914.0,65.64551422319474
64.302,0.956,956.0,62.76150627615063
65.288,0.986,986.0,60.851926977687626
66.176,0.888,888.0,67.56756756756756
67.154,0.978,978.0,61.34969325153374
68.128,0.974,974.0,61.60164271047229
69.011,0.883,883.0,67.95016987542469
69.98,0.969,969.0,61.91950464396285
70.931,0.951,951.0,63.09148264984228
71.811,0.88,880.0,68.18181818181819
72.776,0.965,965.0,62.176165803108816
73.711,0.935,935.0,64.17112299465239
74.596,0.885,885.0,67.79661016949153
75.571,0.975,975.0,61.53846153846155
76.5,0.929,929.0,64.58557588805166
77.394,0.894,894.0,67.11409395973155
78.352,0.958,958.0,62.63048016701462
79.248,0.896,896.0,66.96428571428572
80.138,0.89,890.0,67.41573033707866
81.083,0.945,945.0,63.4920634920635
81.953,0.87,870.0,68.9655172413793
82.808,0.855,855.0,70.17543859649122
83.726,0.918,918.0,65.359477124183
84.606,0.88,880.0,68.18181818181819
85.468,0.862,862.0,69.60556844547564
86.402,0.934,934.0,64.23982869379014
87.305,0.903,903.0,66.44518272425249
88.204,0.899,899.0,66.74082313681868
89.141,0.937,937.0,64.03415154749199
90.005,0.864,864.0,69.44444444444444
90.929,0.924,924.0,64.93506493506493
91.856,0.927,927.0,64.72491909385113
92.707,0.851,851.0,70.50528789659224
93.629,0.922,922.0,65.07592190889372
94.525,0.896,896.0,66.96428571428572
95.397,0.872,872.0,68.80733944954129
96.343,0.946,946.0,63.424947145877375
97.287,0.944,944.0,63.55932203389831
98.144,0.857,857.0,70.01166861143524
99.037,0.893,893.0,67.18924972004478
99.935,0.898,898.0,66.81514476614699
100.829,0.894,894.0,67.11409395973155
101.63,0.801,801.0,74.9063670411985
102.492,0.862,862.0,69.60556844547564
103.375,0.883,883.0,67.95016987542469
104.241,0.866,866.0,69.28406466512702
105.071,0.83,830.0,72.28915662650603
105.898,0.827,827.0,72.55139056831923
106.64,0.742,742.0,80.86253369272237
107.396,0.756,756.0,79.36507936507937
108.187,0.791,791.0,75.85335018963337
109.015,0.828,828.0,72.46376811594203
109.853,0.838,838.0,71.59904534606206
110.667,0.814,814.0,73.71007371007371
111.473,0.806,806.0,74.44168734491315
112.307,0.834,834.0,71.94244604316548
113.133,0.826,826.0,72.63922518159806
113.947,0.814,814.0,73.71007371007371
114.707,0.76,760.0,78.94736842105263
115.483,0.776,776.0,77.31958762886597
116.275,0.792,792.0,75.75757575757575
117.082,0.807,807.0,74.34944237918215
117.891,0.809,809.0,74.1656365883807
118.647,0.756,756.0,79.36507936507937
119.451,0.804,804.0,74.62686567164178
120.27,0.819,819.0,73.26007326007327
121.081,0.811,811.0,73.98273736128236
121.881,0.8,800.0,75.0
122.652,0.771,771.0,77.82101167315176
123.469,0.817,817.0,73.43941248470013
124.314,0.845,845.0,71.00591715976331
125.132,0.818,818.0,73.34963325183375
125.926,0.794,794.0,75.56675062972292
126.768,0.842,842.0,71.25890736342042
127.635,0.867,867.0,69.20415224913495
128.508,0.873,873.0,68.72852233676976
129.372,0.864,864.0,69.44444444444444
130.172,0.8,800.0,75.0
131.017,0.845,845.0,71.00591715976331
131.868,0.851,851.0,70.50528789659224
132.718,0.85,850.0,70.58823529411765
133.492,0.774,774.0,77.51937984496124
134.294,0.802,802.0,74.81296758104737
135.139,0.845,845.0,71.00591715976331
135.997,0.858,858.0,69.93006993006993
136.877,0.88,880.0,68.18181818181819
137.74,0.863,863.0,69.52491309385863
138.594,0.854,854.0,70.2576112412178
139.41,0.816,816.0,73.52941176470588
140.184,0.774,774.0,77.51937984496124
141.026,0.842,842.0,71.25890736342042
141.883,0.857,857.0,70.01166861143524
142.744,0.861,861.0,69.68641114982579
143.587,0.843,843.0,71.17437722419929
144.371,0.784,784.0,76.53061224489795
145.143,0.772,772.0,77.720207253886
145.955,0.812,812.0,73.89162561576353
146.803,0.848,848.0,70.75471698113208
147.68,0.877,877.0,68.41505131128848
148.551,0.871,871.0,68.88633754305395
149.423,0.872,872.0,68.80733944954129
150.272,0.849,849.0,70.67137809187278
151.108,0.836,836.0,71.77033492822967
151.894,0.786,786.0,76.33587786259542
152.672,0.778,778.0,77.12082262210797
153.46,0.788,788.0,76.14213197969544
154.266,0.806,806.0,74.44168734491315
155.048,0.782,782.0,76.72634271099744
155.837,0.789,789.0,76.04562737642584
156.678,0.841,841.0,71.3436385255648
157.535,0.857,857.0,70.01166861143524
158.331,0.796,796.0,75.37688442211055
159.178,0.847,847.0,70.83825265643448
160.047,0.869,869.0,69.04487917146145
160.903,0.856,856.0,70.09345794392523
161.74,0.837,837.0,71.68458781362008
162.541,0.801,801.0,74.9063670411985
163.333,0.792,792.0,75.75757575757575
164.075,0.742,742.0,80.86253369272237
164.785,0.71,710.0,84.50704225352113
165.526,0.741,741.0,80.97165991902834
166.365,0.839,839.0,71.51370679380214
167.229,0.864,864.0,69.44444444444444
168.077,0.848,848.0,70.75471698113208
168.905,0.828,828.0,72.46376811594203
169.718,0.813,813.0,73.80073800738008
170.486,0.768,768.0,78.125
171.266,0.78,780.0,76.92307692307692
172.106,0.84,840.0,71.42857142857143
172.966,0.86,860.0,69.76744186046513
173.831,0.865,865.0,69.36416184971098
174.697,0.866,866.0,69.28406466512702
175.535,0.838,838.0,71.59904534606206
176.317,0.782,782.0,76.72634271099744
177.058,0.741,741.0,80.97165991902834
177.762,0.704,704.0,85.22727272727273
178.565,0.803,803.0,74.719800747198
179.337,0.772,772.0,77.720207253886
180.218,0.881,881.0,68.1044267877412
181.097,0.879,879.0,68.25938566552901
181.938,0.841,841.0,71.3436385255648
182.773,0.835,835.0,71.8562874251497
183.633,0.86,860.0,69.76744186046513
184.475,0.842,842.0,71.25890736342042
185.307,0.832,832.0,72.11538461538461
186.2,0.893,893.0,67.18924972004478
187.108,0.908,908.0,66.07929515418502
187.984,0.876,876.0,68.4931506849315
188.842,0.858,858.0,69.93006993006993
189.756,0.914,914.0,65.64551422319474
190.622,0.866,866.0,69.28406466512702
191.522,0.9,900.0,66.66666666666667
192.45,0.928,928.0,64.6551724137931
193.377,0.927,927.0,64.72491909385113
194.21,0.833,833.0,72.02881152460985
195.119,0.909,909.0,66.00660066006601
196.033,0.914,914.0,65.64551422319474
196.89,0.857,857.0,70.01166861143524
197.728,0.838,838.0,71.59904534606206
198.643,0.915,915.0,65.57377049180327
199.553,0.91,910.0,65.93406593406593
200.424,0.871,871.0,68.88633754305395
201.372,0.948,948.0,63.291139240506325
202.336,0.964,964.0,62.240663900414944
203.278,0.942,942.0,63.69426751592356
204.188,0.91,910.0,65.93406593406593
205.08,0.892,892.0,67.26457399103138
206.012,0.932,932.0,64.37768240343347
206.95,0.938,938.0,63.96588486140725
207.814,0.864,864.0,69.44444444444444
208.725,0.911,911.0,65.86169045005488
209.68,0.955,955.0,62.82722513089005
210.56,0.88,880.0,68.18181818181819
211.474,0.914,914.0,65.64551422319474
212.441,0.967,967.0,62.04756980351603
213.309,0.868,868.0,69.12442396313365
214.244,0.935,935.0,64.17112299465239
215.162,0.918,918.0,65.359477124183
216.104,0.942,942.0,63.69426751592356
217.018,0.914,914.0,65.64551422319474
217.851,0.833,833.0,72.02881152460985
218.766,0.915,915.0,65.57377049180327
219.684,0.918,918.0,65.359477124183
220.538,0.854,854.0,70.2576112412178
221.41,0.872,872.0,68.80733944954129
222.324,0.914,914.0,65.64551422319474
223.187,0.863,863.0,69.52491309385863
224.095,0.908,908.0,66.07929515418502
225.009,0.914,914.0,65.64551422319474
225.907,0.898,898.0,66.81514476614699
226.779,0.872,872.0,68.80733944954129
227.592,0.813,813.0,73.80073800738008
228.432,0.84,840.0,71.42857142857143
229.284,0.852,852.0,70.42253521126761
230.106,0.822,822.0,72.99270072992701
230.915,0.809,809.0,74.1656365883807
231.712,0.797,797.0,75.28230865746549
232.59,0.878,878.0,68.3371298405467
233.431,0.841,841.0,71.3436385255648
234.324,0.893,893.0,67.18924972004478
235.225,0.901,901.0,66.59267480577137
236.072,0.847,847.0,70.83825265643448
236.987,0.915,915.0,65.57377049180327
237.872,0.885,885.0,67.79661016949153
238.73,0.858,858.0,69.93006993006993
239.636,0.906,906.0,66.2251655629139
240.502,0.866,866.0,69.28406466512702
241.379,0.877,877.0,68.41505131128848
242.286,0.907,907.0,66.1521499448732
243.183,0.897,897.0,66.88963210702342
244.124,0.941,941.0,63.76195536663125
245.007,0.883,883.0,67.95016987542469
245.941,0.934,934.0,64.23982869379014
246.86,0.919,919.0,65.28835690968444
247.722,0.862,862.0,69.60556844547564
248.554,0.832,832.0,72.11538461538461
249.43,0.876,876.0,68.4931506849315
250.329,0.899,899.0,66.74082313681868
251.235,0.906,906.0,66.2251655629139
252.146,0.911,911.0,65.86169045005488
253.07,0.924,924.0,64.93506493506493
253.992,0.922,922.0,65.07592190889372
254.878,0.886,886.0,67.72009029345372
255.735,0.857,857.0,70.01166861143524
256.58,0.845,845.0,71.00591715976331
257.425,0.845,845.0,71.00591715976331
258.313,0.888,888.0,67.56756756756756
259.217,0.904,904.0,66.3716814159292
260.13,0.913,913.0,65.71741511500548
260.952,0.822,822.0,72.99270072992701
261.844,0.892,892.0,67.26457399103138
262.733,0.889,889.0,67.49156355455568
263.602,0.869,869.0,69.04487917146145
264.493,0.891,891.0,67.34006734006734
265.382,0.889,889.0,67.49156355455568
266.245,0.863,863.0,69.52491309385863
267.104,0.859,859.0,69.84866123399303
267.98,0.876,876.0,68.4931506849315
268.858,0.878,878.0,68.3371298405467
269.723,0.865,865.0,69.36416184971098
270.529,0.806,806.0,74.44168734491315
271.383,0.854,854.0,70.2576112412178
272.246,0.863,863.0,69.52491309385863
273.11,0.864,864.0,69.44444444444444
273.966,0.856,856.0,70.09345794392523
274.837,0.871,871.0,68.88633754305395
275.716,0.879,879.0,68.25938566552901
276.565,0.849,849.0,70.67137809187278
277.437,0.872,872.0,68.80733944954129
278.31,0.873,873.0,68.72852233676976
279.143,0.833,833.0,72.02881152460985
280.034,0.891,891.0,67.34006734006734
280.845,0.811,811.0,73.98273736128236
281.681,0.836,836.0,71.77033492822967
282.549,0.868,868.0,69.12442396313365
283.4,0.851,851.0,70.50528789659224
284.206,0.806,806.0,74.44168734491315
285.079,0.873,873.0,68.72852233676976
285.923,0.844,844.0,71.09004739336493
286.793,0.87,870.0,68.9655172413793
287.68,0.887,887.0,67.64374295377677
288.515,0.835,835.0,71.8562874251497
289.341,0.826,826.0,72.63922518159806
290.204,0.863,863.0,69.52491309385863
291.033,0.829,829.0,72.37635705669481
291.843,0.81,810.0,74.07407407407408
292.731,0.888,888.0,67.56756756756756
293.629,0.898,898.0,66.81514476614699
294.492,0.863,863.0,69.52491309385863
295.426,0.934,934.0,64.23982869379014
296.322,0.896,896.0,66.96428571428572
297.247,0.925,925.0,64.86486486486486
298.166,0.919,919.0,65.28835690968444
299.038,0.872,872.0,68.80733944954129
299.912,0.874,874.0,68.64988558352404
300.822,0.91,910.0,65.93406593406593
301.682,0.86,860.0,69.76744186046513
302.507,0.825,825.0,72.72727272727273
303.323,0.816,816.0,73.52941176470588
304.173,0.85,850.0,70.58823529411765
305.028,0.855,855.0,70.17543859649122
305.871,0.843,843.0,71.17437722419929
306.759,0.888,888.0,67.56756756756756
307.616,0.857,857.0,70.01166861143524
308.472,0.856,856.0,70.09345794392523
309.384,0.912,912.0,65.78947368421052
310.257,0.873,873.0,68.72852233676976
311.166,0.909,909.0,66.00660066006601
312.062,0.896,896.0,66.96428571428572
312.923,0.861,861.0,69.68641114982579
313.728,0.805,805.0,74.53416149068322
314.565,0.837,837.0,71.68458781362008
315.383,0.818,818.0,73.34963325183375
316.163,0.78,780.0,76.92307692307692
316.996,0.833,833.0,72.02881152460985
317.789,0.793,793.0,75.66204287515762
318.532,0.743,743.0,80.75370121130551
319.345,0.813,813.0,73.80073800738008
320.184,0.839,839.0,71.51370679380214
321.083,0.899,899.0,66.74082313681868
321.942,0.859,859.0,69.84866123399303
322.813,0.871,871.0,68.88633754305395
323.724,0.911,911.0,65.86169045005488
324.634,0.91,910.0,65.93406593406593
325.475,0.841,841.0,71.3436385255648
326.331,0.856,856.0,70.09345794392523
327.215,0.884,884.0,67.87330316742081
328.061,0.846,846.0,70.92198581560284
328.944,0.883,883.0,67.95016987542469
329.829,0.885,885.0,67.79661016949153
330.706,0.877,877.0,68.41505131128848
331.558,0.852,852.0,70.42253521126761
332.353,0.795,795.0,75.47169811320754
333.188,0.835,835.0,71.8562874251497
333.999,0.811,811.0,73.98273736128236
334.809,0.81,810.0,74.07407407407408
335.678,0.869,869.0,69.04487917146145
336.551,0.873,873.0,68.72852233676976
337.378,0.827,827.0,72.55139056831923
338.258,0.88,880.0,68.18181818181819
339.116,0.858,858.0,69.93006993006993
339.991,0.875,875.0,68.57142857142857
340.861,0.87,870.0,68.9655172413793
341.686,0.825,825.0,72.72727272727273
342.572,0.886,886.0,67.72009029345372
343.457,0.885,885.0,67.79661016949153
344.341,0.884,884.0,67.87330316742081
345.26,0.919,919.0,65.28835690968444
346.115,0.855,855.0,70.17543859649122
347.031,0.916,916.0,65.50218340611353
347.97,0.939,939.0,63.89776357827476
348.869,0.899,899.0,66.74082313681868
349.771,0.902,902.0,66.51884700665188
350.608,0.837,837.0,71.68458781362008
351.514,0.906,906.0,66.2251655629139
352.406,0.892,892.0,67.26457399103138
353.296,0.89,890.0,67.41573033707866
354.237,0.941,941.0,63.76195536663125
355.132,0.895,895.0,67.0391061452514
356.071,0.939,939.0,63.89776357827476
356.999,0.928,928.0,64.6551724137931
357.882,0.883,883.0,67.95016987542469
358.807,0.925,925.0,64.86486486486486
359.703,0.896,896.0,66.96428571428572
360.572,0.869,869.0,69.04487917146145
361.487,0.915,915.0,65.57377049180327
362.433,0.946,946.0,63.424947145877375
363.376,0.943,943.0,63.62672322375398
364.267,0.891,891.0,67.34006734006734
365.133,0.866,866.0,69.28406466512702
365.954,0.821,821.0,73.0816077953715
366.824,0.87,870.0,68.9655172413793
367.657,0.833,833.0,72.02881152460985
368.534,0.877,877.0,68.41505131128848
369.425,0.891,891.0,67.34006734006734
370.3,0.875,875.0,68.57142857142857
371.208,0.908,908.0,66.07929515418502
372.147,0.939,939.0,63.89776357827476
373.035,0.888,888.0,67.56756756756756
373.984,0.949,949.0,63.224446786090624
374.926,0.942,942.0,63.69426751592356
375.788,0.862,862.0,69.60556844547564
376.725,0.937,937.0,64.03415154749199
377.635,0.91,910.0,65.93406593406593
378.495,0.86,860.0,69.76744186046513
379.417,0.922,922.0,65.07592190889372
380.349,0.932,932.0,64.37768240343347
381.24,0.891,891.0,67.34006734006734
382.114,0.874,874.0,68.64988558352404
383.014,0.9,900.0,66.66666666666667
383.907,0.893,893.0,67.18924972004478
384.803,0.896,896.0,66.96428571428572
385.702,0.899,899.0,66.74082313681868
386.539,0.837,837.0,71.68458781362008
387.433,0.894,894.0,67.11409395973155
388.301,0.868,868.0,69.12442396313365
389.1,0.799,799.0,75.09386733416771
389.979,0.879,879.0,68.25938566552901
390.843,0.864,864.0,69.44444444444444
391.659,0.816,816.0,73.52941176470588
392.558,0.899,899.0,66.74082313681868
393.384,0.826,826.0,72.63922518159806
394.281,0.897,897.0,66.88963210702342
395.134,0.853,853.0,70.33997655334116
395.937,0.803,803.0,74.719800747198
396.771,0.834,834.0,71.94244604316548
397.542,0.771,771.0,77.82101167315176
398.364,0.822,822.0,72.99270072992701
399.164,0.8,800.0,75.0
399.957,0.793,793.0,75.66204287515762
400.801,0.844,844.0,71.09004739336493
401.636,0.835,835.0,71.8562874251497
402.49,0.854,854.0,70.2576112412178
403.37,0.88,880.0,68.18181818181819
404.181,0.811,811.0,73.98273736128236
404.994,0.813,813.0,73.80073800738008
405.796,0.802,802.0,74.81296758104737
406.557,0.761,761.0,78.84362680683311
407.349,0.792,792.0,75.75757575757575
408.152,0.803,803.0,74.719800747198
408.969,0.817,817.0,73.43941248470013
409.78,0.811,811.0,73.98273736128236
410.564,0.784,784.0,76.53061224489795
411.38,0.816,816.0,73.52941176470588
412.196,0.816,816.0,73.52941176470588
412.984,0.788,788.0,76.14213197969544
413.833,0.849,849.0,70.67137809187278
414.661,0.828,828.0,72.46376811594203
415.465,0.804,804.0,74.62686567164178
416.309,0.844,844.0,71.09004739336493
417.097,0.788,788.0,76.14213197969544
417.858,0.761,761.0,78.84362680683311
418.613,0.755,755.0,79.47019867549669
419.337,0.724,724.0,82.87292817679558
