Time,RR interval,HRV,Heart Rate
0.654,0.654,654.0,91.74311926605505
1.302,0.648,648.0,92.5925925925926
1.943,0.641,641.0,93.603744149766
2.565,0.622,622.0,96.46302250803858
3.181,0.616,616.0,97.4025974025974
3.794,0.613,613.0,97.87928221859708
4.418,0.624,624.0,96.15384615384616
5.086,0.668,668.0,89.82035928143712
5.824,0.738,738.0,81.30081300813008
6.568,0.744,744.0,80.64516129032258
7.268,0.7,700.0,85.71428571428572
7.956,0.688,688.0,87.2093023255814
8.654,0.698,698.0,85.95988538681948
9.369,0.715,715.0,83.91608391608392
10.063,0.694,694.0,86.45533141210376
10.774,0.711,711.0,84.38818565400844
11.491,0.717,717.0,83.68200836820084
12.22,0.729,729.0,82.3045267489712
12.953,0.733,733.0,81.85538881309687
13.677,0.724,724.0,82.87292817679558
14.367,0.69,690.0,86.95652173913045
15.009,0.642,642.0,93.45794392523364
15.63,0.621,621.0,96.61835748792272
16.247,0.617,617.0,97.2447325769854
16.857,0.61,610.0,98.36065573770492
17.468,0.611,611.0,98.19967266775777
18.071,0.603,603.0,99.50248756218906
18.667,0.596,596.0,100.67114093959732
19.272,0.605,605.0,99.17355371900828
19.895,0.623,623.0,96.30818619582664
20.544,0.649,649.0,92.44992295839752
21.215,0.671,671.0,89.41877794336811
21.883,0.668,668.0,89.82035928143712
22.539,0.656,656.0,91.46341463414636
23.185,0.646,646.0,92.87925696594426
23.831,0.646,646.0,92.87925696594426
24.485,0.654,654.0,91.74311926605505
25.156,0.671,671.0,89.41877794336811
25.834,0.678,678.0,88.49557522123894
26.488,0.654,654.0,91.74311926605505
27.141,0.653,653.0,91.88361408882082
27.81,0.669,669.0,89.68609865470852
28.498,0.688,688.0,87.2093023255814
29.216,0.718,718.0,83.56545961002786
29.967,0.751,751.0,79.89347536617844
30.722,0.755,755.0,79.47019867549669
31.498,0.776,776.0,77.31958762886597
32.278,0.78,780.0,76.92307692307692
33.015,0.737,737.0,81.4111261872456
33.74,0.725,725.0,82.75862068965517
34.453,0.713,713.0,84.15147265077138
35.184,0.731,731.0,82.07934336525308
35.915,0.731,731.0,82.07934336525308
36.644,0.729,729.0,82.3045267489712
37.397,0.753,753.0,79.6812749003984
38.173,0.776,776.0,77.31958762886597
38.944,0.771,771.0,77.82101167315176
39.732,0.788,788.0,76.14213197969544
40.489,0.757,757.0,79.26023778071334
41.252,0.763,763.0,78.63695937090432
42.012,0.76,760.0,78.94736842105263
42.775,0.763,763.0,78.63695937090432
43.529,0.754,754.0,79.57559681697613
44.258,0.729,729.0,82.3045267489712
44.991,0.733,733.0,81.85538881309687
45.726,0.735,735.0,81.63265306122449
46.476,0.75,750.0,80.0
47.235,0.759,759.0,79.05138339920948
48.003,0.768,768.0,78.125
48.77,0.767,767.0,78.22685788787484
49.541,0.771,771.0,77.82101167315176
50.313,0.772,772.0,77.720207253886
51.09,0.777,777.0,77.22007722007721
51.888,0.798,798.0,75.18796992481202
52.684,0.796,796.0,75.37688442211055
53.475,0.791,791.0,75.85335018963337
54.296,0.821,821.0,73.0816077953715
55.106,0.81,810.0,74.07407407407408
55.958,0.852,852.0,70.42253521126761
56.817,0.859,859.0,69.84866123399303
57.637,0.82,820.0,73.17073170731707
58.404,0.767,767.0,78.22685788787484
59.086,0.682,682.0,87.97653958944281
59.735,0.649,649.0,92.44992295839752
60.393,0.658,658.0,91.1854103343465
61.092,0.699,699.0,85.83690987124464
61.863,0.771,771.0,77.82101167315176
62.659,0.796,796.0,75.37688442211055
63.404,0.745,745.0,80.53691275167786
64.088,0.684,684.0,87.71929824561403
64.754,0.666,666.0,90.09009009009009
65.414,0.66,660.0,90.9090909090909
66.099,0.685,685.0,87.5912408759124
66.817,0.718,718.0,83.56545961002786
67.575,0.758,758.0,79.15567282321899
68.328,0.753,753.0,79.6812749003984
69.072,0.744,744.0,80.64516129032258
69.798,0.726,726.0,82.64462809917356
70.507,0.709,709.0,84.6262341325811
71.194,0.687,687.0,87.33624454148472
71.859,0.665,665.0,90.22556390977444
72.519,0.66,660.0,90.9090909090909
73.198,0.679,679.0,88.36524300441826
73.909,0.711,711.0,84.38818565400844
74.63,0.721,721.0,83.21775312066575
75.353,0.723,723.0,82.98755186721992
76.082,0.729,729.0,82.3045267489712
76.812,0.73,730.0,82.1917808219178
77.546,0.734,734.0,81.74386920980928
78.283,0.737,737.0,81.4111261872456
79.021,0.738,738.0,81.30081300813008
79.742,0.721,721.0,83.21775312066575
80.46,0.718,718.0,83.56545961002786
81.17,0.71,710.0,84.50704225352113
81.865,0.695,695.0,86.33093525179856
82.528,0.663,663.0,90.49773755656108
83.172,0.644,644.0,93.16770186335404
83.813,0.641,641.0,93.603744149766
84.444,0.631,631.0,95.08716323296356
85.061,0.617,617.0,97.2447325769854
85.71,0.649,649.0,92.44992295839752
86.431,0.721,721.0,83.21775312066575
87.177,0.746,746.0,80.4289544235925
87.945,0.768,768.0,78.125
88.747,0.802,802.0,74.81296758104737
89.566,0.819,819.0,73.26007326007327
90.358,0.792,792.0,75.75757575757575
91.152,0.794,794.0,75.56675062972292
91.925,0.773,773.0,77.61966364812419
92.669,0.744,744.0,80.64516129032258
93.379,0.71,710.0,84.50704225352113
94.089,0.71,710.0,84.50704225352113
94.827,0.738,738.0,81.30081300813008
95.577,0.75,750.0,80.0
96.349,0.772,772.0,77.720207253886
97.114,0.765,765.0,78.43137254901961
97.891,0.777,777.0,77.22007722007721
98.679,0.788,788.0,76.14213197969544
99.488,0.809,809.0,74.1656365883807
100.294,0.806,806.0,74.44168734491315
101.073,0.779,779.0,77.02182284980745
101.826,0.753,753.0,79.6812749003984
102.539,0.713,713.0,84.15147265077138
103.222,0.683,683.0,87.84773060029282
103.888,0.666,666.0,90.09009009009009
104.563,0.675,675.0,88.88888888888889
105.325,0.762,762.0,78.74015748031496
106.181,0.856,856.0,70.09345794392523
107.088,0.907,907.0,66.1521499448732
107.96,0.872,872.0,68.80733944954129
108.852,0.892,892.0,67.26457399103138
109.753,0.901,901.0,66.59267480577137
110.631,0.878,878.0,68.3371298405467
111.454,0.823,823.0,72.90400972053463
112.279,0.825,825.0,72.72727272727273
113.106,0.827,827.0,72.55139056831923
113.938,0.832,832.0,72.11538461538461
114.762,0.824,824.0,72.81553398058253
115.604,0.842,842.0,71.25890736342042
116.458,0.854,854.0,70.2576112412178
117.329,0.871,871.0,68.88633754305395
118.192,0.863,863.0,69.52491309385863
119.039,0.847,847.0,70.83825265643448
119.901,0.862,862.0,69.60556844547564
120.75,0.849,849.0,70.67137809187278
121.566,0.816,816.0,73.52941176470588
122.334,0.768,768.0,78.125
123.094,0.76,760.0,78.94736842105263
123.819,0.725,725.0,82.75862068965517
124.503,0.684,684.0,87.71929824561403
125.169,0.666,666.0,90.09009009009009
125.902,0.733,733.0,81.85538881309687
126.726,0.824,824.0,72.81553398058253
127.602,0.876,876.0,68.4931506849315
128.512,0.91,910.0,65.93406593406593
129.44,0.928,928.0,64.6551724137931
130.364,0.924,924.0,64.93506493506493
131.223,0.859,859.0,69.84866123399303
132.036,0.813,813.0,73.80073800738008
132.818,0.782,782.0,76.72634271099744
133.588,0.77,770.0,77.92207792207792
134.367,0.779,779.0,77.02182284980745
135.129,0.762,762.0,78.74015748031496
135.915,0.786,786.0,76.33587786259542
136.744,0.829,829.0,72.37635705669481
137.631,0.887,887.0,67.64374295377677
138.508,0.877,877.0,68.41505131128848
139.366,0.858,858.0,69.93006993006993
140.241,0.875,875.0,68.57142857142857
141.119,0.878,878.0,68.3371298405467
141.973,0.854,854.0,70.2576112412178
142.758,0.785,785.0,76.43312101910827
143.525,0.767,767.0,78.22685788787484
144.281,0.756,756.0,79.36507936507937
145.052,0.771,771.0,77.82101167315176
145.825,0.773,773.0,77.61966364812419
146.62,0.795,795.0,75.47169811320754
147.462,0.842,842.0,71.25890736342042
148.313,0.851,851.0,70.50528789659224
149.16,0.847,847.0,70.83825265643448
149.993,0.833,833.0,72.02881152460985
150.781,0.788,788.0,76.14213197969544
151.568,0.787,787.0,76.23888182973316
152.361,0.793,793.0,75.66204287515762
153.189,0.828,828.0,72.46376811594203
154.018,0.829,829.0,72.37635705669481
154.815,0.797,797.0,75.28230865746549
155.613,0.798,798.0,75.18796992481202
156.417,0.804,804.0,74.62686567164178
157.229,0.812,812.0,73.89162561576353
158.005,0.776,776.0,77.31958762886597
158.77,0.765,765.0,78.43137254901961
159.532,0.762,762.0,78.74015748031496
160.292,0.76,760.0,78.94736842105263
161.034,0.742,742.0,80.86253369272237
161.77,0.736,736.0,81.52173913043478
162.525,0.755,755.0,79.47019867549669
163.312,0.787,787.0,76.23888182973316
164.087,0.775,775.0,77.41935483870968
164.851,0.764,764.0,78.53403141361257
165.601,0.75,750.0,80.0
166.33,0.729,729.0,82.3045267489712
167.023,0.693,693.0,86.58008658008659
167.668,0.645,645.0,93.02325581395348
168.279,0.611,611.0,98.19967266775777
168.878,0.599,599.0,100.1669449081803
169.468,0.59,590.0,101.6949152542373
170.062,0.594,594.0,101.010101010101
170.702,0.64,640.0,93.75
171.445,0.743,743.0,80.75370121130551
172.237,0.792,792.0,75.75757575757575
173.053,0.816,816.0,73.52941176470588
173.905,0.852,852.0,70.42253521126761
174.773,0.868,868.0,69.12442396313365
175.608,0.835,835.0,71.8562874251497
176.456,0.848,848.0,70.75471698113208
177.305,0.849,849.0,70.67137809187278
178.13,0.825,825.0,72.72727272727273
178.89,0.76,760.0,78.94736842105263
179.625,0.735,735.0,81.63265306122449
180.322,0.697,697.0,86.08321377331421
181.006,0.684,684.0,87.71929824561403
181.682,0.676,676.0,88.75739644970415
182.382,0.7,700.0,85.71428571428572
183.133,0.751,751.0,79.89347536617844
183.952,0.819,819.0,73.26007326007327
184.795,0.843,843.0,71.17437722419929
185.647,0.852,852.0,70.42253521126761
186.454,0.807,807.0,74.34944237918215
187.217,0.763,763.0,78.63695937090432
187.97,0.753,753.0,79.6812749003984
188.715,0.745,745.0,80.53691275167786
189.473,0.758,758.0,79.15567282321899
190.245,0.772,772.0,77.720207253886
190.998,0.753,753.0,79.6812749003984
191.727,0.729,729.0,82.3045267489712
192.428,0.701,701.0,85.59201141226819
193.106,0.678,678.0,88.49557522123894
193.772,0.666,666.0,90.09009009009009
194.463,0.691,691.0,86.83068017366136
195.232,0.769,769.0,78.02340702210662
196.022,0.79,790.0,75.94936708860759
196.837,0.815,815.0,73.61963190184049
197.668,0.831,831.0,72.20216606498195
198.484,0.816,816.0,73.52941176470588
199.295,0.811,811.0,73.98273736128236
200.081,0.786,786.0,76.33587786259542
200.857,0.776,776.0,77.31958762886597
201.614,0.757,757.0,79.26023778071334
202.361,0.747,747.0,80.32128514056225
203.088,0.727,727.0,82.53094910591473
203.796,0.708,708.0,84.74576271186442
204.498,0.702,702.0,85.47008547008548
205.179,0.681,681.0,88.10572687224669
205.844,0.665,665.0,90.22556390977444
206.574,0.73,730.0,82.1917808219178
207.373,0.799,799.0,75.09386733416771
208.223,0.85,850.0,70.58823529411765
209.092,0.869,869.0,69.04487917146145
209.912,0.82,820.0,73.17073170731707
210.701,0.789,789.0,76.04562737642584
211.457,0.756,756.0,79.36507936507937
212.196,0.739,739.0,81.19079837618403
212.938,0.742,742.0,80.86253369272237
213.679,0.741,741.0,80.97165991902834
214.422,0.743,743.0,80.75370121130551
215.179,0.757,757.0,79.26023778071334
215.948,0.769,769.0,78.02340702210662
216.716,0.768,768.0,78.125
217.494,0.778,778.0,77.12082262210797
218.277,0.783,783.0,76.62835249042146
219.066,0.789,789.0,76.04562737642584
219.853,0.787,787.0,76.23888182973316
220.642,0.789,789.0,76.04562737642584
221.38,0.738,738.0,81.30081300813008
222.091,0.711,711.0,84.38818565400844
222.779,0.688,688.0,87.2093023255814
223.426,0.647,647.0,92.7357032457496
224.083,0.657,657.0,91.324200913242
224.802,0.719,719.0,83.44923504867873
225.584,0.782,782.0,76.72634271099744
226.398,0.814,814.0,73.71007371007371
227.237,0.839,839.0,71.51370679380214
228.046,0.809,809.0,74.1656365883807
228.867,0.821,821.0,73.0816077953715
229.683,0.816,816.0,73.52941176470588
230.496,0.813,813.0,73.80073800738008
231.299,0.803,803.0,74.719800747198
232.09,0.791,791.0,75.85335018963337
232.87,0.78,780.0,76.92307692307692
233.623,0.753,753.0,79.6812749003984
234.386,0.763,763.0,78.63695937090432
235.168,0.782,782.0,76.72634271099744
235.996,0.828,828.0,72.46376811594203
236.864,0.868,868.0,69.12442396313365
237.723,0.859,859.0,69.84866123399303
238.536,0.813,813.0,73.80073800738008
239.295,0.759,759.0,79.05138339920948
240.043,0.748,748.0,80.21390374331551
240.798,0.755,755.0,79.47019867549669
241.556,0.758,758.0,79.15567282321899
242.335,0.779,779.0,77.02182284980745
243.139,0.804,804.0,74.62686567164178
243.961,0.822,822.0,72.99270072992701
244.768,0.807,807.0,74.34944237918215
245.555,0.787,787.0,76.23888182973316
246.356,0.801,801.0,74.9063670411985
247.172,0.816,816.0,73.52941176470588
248.017,0.845,845.0,71.00591715976331
248.879,0.862,862.0,69.60556844547564
249.732,0.853,853.0,70.33997655334116
250.552,0.82,820.0,73.17073170731707
251.334,0.782,782.0,76.72634271099744
252.083,0.749,749.0,80.1068090787717
252.836,0.753,753.0,79.6812749003984
253.619,0.783,783.0,76.62835249042146
254.444,0.825,825.0,72.72727272727273
255.322,0.878,878.0,68.3371298405467
256.233,0.911,911.0,65.86169045005488
257.124,0.891,891.0,67.34006734006734
257.939,0.815,815.0,73.61963190184049
258.721,0.782,782.0,76.72634271099744
259.489,0.768,768.0,78.125
260.242,0.753,753.0,79.6812749003984
260.98,0.738,738.0,81.30081300813008
261.724,0.744,744.0,80.64516129032258
262.49,0.766,766.0,78.3289817232376
263.273,0.783,783.0,76.62835249042146
264.047,0.774,774.0,77.51937984496124
264.803,0.756,756.0,79.36507936507937
265.553,0.75,750.0,80.0
266.301,0.748,748.0,80.21390374331551
267.057,0.756,756.0,79.36507936507937
267.814,0.757,757.0,79.26023778071334
268.58,0.766,766.0,78.3289817232376
269.341,0.761,761.0,78.84362680683311
270.079,0.738,738.0,81.30081300813008
270.823,0.744,744.0,80.64516129032258
271.566,0.743,743.0,80.75370121130551
272.3,0.734,734.0,81.74386920980928
273.031,0.731,731.0,82.07934336525308
273.765,0.734,734.0,81.74386920980928
274.505,0.74,740.0,81.08108108108108
275.261,0.756,756.0,79.36507936507937
276.024,0.763,763.0,78.63695937090432
276.783,0.759,759.0,79.05138339920948
277.499,0.716,716.0,83.79888268156424
278.17,0.671,671.0,89.41877794336811
278.803,0.633,633.0,94.7867298578199
279.416,0.613,613.0,97.87928221859708
280.018,0.602,602.0,99.66777408637874
280.618,0.6,600.0,100.0
281.222,0.604,604.0,99.33774834437088
281.839,0.617,617.0,97.2447325769854
282.462,0.623,623.0,96.30818619582664
283.097,0.635,635.0,94.48818897637794
283.736,0.639,639.0,93.89671361502349
284.376,0.64,640.0,93.75
285.022,0.646,646.0,92.87925696594426
285.662,0.64,640.0,93.75
286.312,0.65,650.0,92.30769230769228
286.969,0.657,657.0,91.324200913242
287.647,0.678,678.0,88.49557522123894
288.351,0.704,704.0,85.22727272727273
289.039,0.688,688.0,87.2093023255814
289.699,0.66,660.0,90.9090909090909
290.367,0.668,668.0,89.82035928143712
291.036,0.669,669.0,89.68609865470852
291.701,0.665,665.0,90.22556390977444
292.37,0.669,669.0,89.68609865470852
293.027,0.657,657.0,91.324200913242
293.697,0.67,670.0,89.55223880597015
294.412,0.715,715.0,83.91608391608392
295.195,0.783,783.0,76.62835249042146
295.981,0.786,786.0,76.33587786259542
296.77,0.789,789.0,76.04562737642584
297.558,0.788,788.0,76.14213197969544
298.333,0.775,775.0,77.41935483870968
299.08,0.747,747.0,80.32128514056225
299.804,0.724,724.0,82.87292817679558
